1
992345000032
345678900642
234567806422
234567806422
234567899885
993

2
325467789313
025679341598
455684323456
098765415452
098765415452
357890287325
345678900642
357797899543
357797899543
111345789900
111345789900
234556788923
3984

3
487532167901
678098234578
357890287325
234556788923
487532167901
487532167901
345567788990
234556788923
357890287325
345678900642
322567894139
2900

4
923569798369
098765415452
234567806422
325467789313
213557890560
213557890560
678098234578
345278901278
357797899543
455684323456
234567806422
234567806422
345678900642
086357315677
5215

5
322567894139
357890623223
992345000032
239876543212
345678900642
234567806422
946

6
239876543212
345567788990
234567806422
086357315677
455684323456
923569798369
587632190084
923569798369
487532167901
587632190084
345567788990
357890287325
345567788990
357890287325
357890623223
357890623223
923569798369
025679341598
025679341598
5159

7
345567788990
213557890560
111345789900
587632190084
234556788923
025679341598
025679341598
456889003213
345278901278
098765415452
357890287325
487532167901
213557890560
357890623223
234567806422
234567806422
4427

8
234567899885
086357315677
992345000032
345567788990
456889003213
923569798369
234567806422
345278901278
345567788990
322567894139
345278901278
487532167901
587632190084
3818

9
345678900642
923569798369
345567788990
345567788990
239876543212
234556788923
234567806422
923569798369
587632190084
357890287325
456889003213
456889003213
992345000032
2859

10
234556788923
357890623223
025679341598
234567806422
325467789313
325467789313
455684323456
234567297053
487532167901
345278901278
678098234578
357797899543
345278901278
322567894139
239876543212
357890287325
357797899543
357797899543
234567899885
6043

11
357890287325
025679341598
923569798369
098765415452
234567899885
098765415452
455684323456
2830

12
086357315677
234567297053
456889003213
025679341598
234567297053
239876543212
239876543212
487532167901
234567899885
923569798369
1538

13
357890287325
678098234578
111345789900
998

14
992345000032
345678900642
678098234578
234556788923
487532167901
234567806422
357797899543
678098234578
923569798369
2210

15
322567894139
111345789900
345278901278
587632190084
455684323456
357890287325
234567297053
234567297053
086357315677
357890287325
992345000032
234556788923
322567894139
357797899543
345678900642
345567788990
4945

17
111345789900
322567894139
098765415452
992345000032
487532167901
678098234578
234556788923
322567894139
487532167901
345678900642
322567894139
098765415452
923569798369
357890623223
678098234578
345278901278
086357315677
587632190084
357890623223
325467789313
4339

16
357890623223
325467789313
234556788923
992345000032
923569798369
357797899543
487532167901
345567788990
455684323456
345567788990
3196

19
487532167901
357890623223
455684323456
234556788923
325467789313
678098234578
325467789313
455684323456
086357315677
322567894139
3852

18
234567899885
992345000032
086357315677
239876543212
234556788923
234567806422
587632190084
234556788923
025679341598
992345000032
487532167901
325467789313
111345789900
325467789313
325467789313
923569798369
345567788990
213557890560
3211

21
345278901278
345278901278
234556788923
345678900642
345678900642
098765415452
357890623223
234567806422
357890623223
992345000032
345678900642
357890287325
322567894139
455684323456
5174

20
325467789313
357890623223
325467789313
923569798369
234556788923
213557890560
977

23
111345789900
455684323456
234556788923
678098234578
345278901278
345567788990
3209

22
325467789313
587632190084
111345789900
239876543212
239876543212
357890287325
487532167901
086357315677
234567806422
213557890560
345278901278
234567806422
3060

25
345278901278
345567788990
345567788990
239876543212
1746

24
587632190084
234556788923
487532167901
678098234578
025679341598
357797899543
086357315677
234567899885
456889003213
357890287325
098765415452
2538

27
234567899885
098765415452
587632190084
098765415452
234556788923
234567297053
098765415452
234567806422
678098234578
357890623223
086357315677
234556788923
992345000032
345678900642
239876543212
345567788990
025679341598
357890623223
345278901278
4337

26
357890623223
357890623223
086357315677
234567806422
678098234578
345278901278
025679341598
357890287325
098765415452
357890287325
357890623223
357797899543
239876543212
357797899543
111345789900
234567297053
357797899543
992345000032
4464

29
487532167901
111345789900
487532167901
234567297053
992345000032
098765415452
992345000032
923569798369
025679341598
325467789313
1784

28
992345000032
322567894139
455684323456
345678900642
325467789313
345567788990
2355

31
992345000032
234556788923
587632190084
587632190084
357890623223
322567894139
678098234578
234567806422
1193

30
345278901278
923569798369
234567899885
345567788990
322567894139
325467789313
678098234578
456889003213
456889003213
086357315677
456889003213
923569798369
111345789900
322567894139
086357315677
3446

32
345278901278
455684323456
098765415452
234556788923
098765415452
357890623223
456889003213
234567899885
025679341598
345678900642
086357315677
487532167901
345678900642
213557890560
234567899885
678098234578
992345000032
025679341598
5809

